[TRACE | 2017-03-28 09:35:06,492] | Begin
[TRACE | 2017-03-28 09:35:07,615] | 
X = 
32.8236 177.288 239.393
350.782 4025.74 11550.3
39.3231 232.367 343.275
[TRACE | 2017-03-28 09:35:07,620] | 
X^-1 = 
     0.66952   0.00269015    -0.557426
    -0.17164 -0.000953313     0.151775
   0.0394901  0.000337145   -0.0359705
[TRACE | 2017-03-28 09:35:07,629] | _isnan(width) = 0
[TRACE | 2017-03-28 09:35:07,632] | 
D = 
7.82118e-05
   0.118563
[TRACE | 2017-03-28 09:35:07,635] | th = 79.713
[TRACE | 2017-03-28 09:35:07,638] | width = 5.80838

[TRACE | 2017-03-28 09:35:07,642] | 
X = 
  175876  33739.5  1618.12
 42590.9  69022.7  27964.5
  184364 -5817.28  45.8886
[TRACE | 2017-03-28 09:35:07,648] | 
X^-1 = 
  9.1094e-07 -6.02076e-08  4.56897e-06
 2.83078e-05 -1.59428e-06 -2.66363e-05
-7.12574e-05  3.97864e-05  5.87856e-05
[TRACE | 2017-03-28 09:35:07,657] | _isnan(width) = 0
[TRACE | 2017-03-28 09:35:07,659] | 
D = 
5.41943e-06
2.73149e-05
[TRACE | 2017-03-28 09:35:07,663] | th = -0.20209
[TRACE | 2017-03-28 09:35:07,665] | width = 382.675

[TRACE | 2017-03-28 09:35:07,669] | 
X = 
303.239 3694.65 11253.8
12.8611 92.6388  166.82
458.549 2658.91 3854.44
[TRACE | 2017-03-28 09:35:07,676] | 
X^-1 = 
 0.00433058   -0.785236   0.0213409
-0.00134806    0.199868 -0.00471433
0.000414739  -0.0444585  0.00097268
[TRACE | 2017-03-28 09:35:07,682] | _isnan(width) = 0
[TRACE | 2017-03-28 09:35:07,684] | 
D = 
 -0.808628
0.00599224
[TRACE | 2017-03-28 09:35:07,688] | th = -14.2063
[TRACE | 2017-03-28 09:35:07,691] | width = 25.8366

[TRACE | 2017-03-28 09:35:12,827] | Begin
[TRACE | 2017-03-28 09:35:13,899] | 
X = 
 48153.1    25652  3416.32
 17046.4   -50253  37036.7
 7645.44 -37694.7  46462.1
[TRACE | 2017-03-28 09:35:13,905] | 
X^-1 = 
 1.58736e-05  2.23303e-05 -1.89675e-05
 8.60407e-06 -3.73886e-05  2.91712e-05
 4.36845e-06 -3.40079e-05  4.83107e-05
[TRACE | 2017-03-28 09:35:13,912] | _isnan(width) = 0
[TRACE | 2017-03-28 09:35:13,914] | 
D = 
1.84749e-05
1.94328e-05
[TRACE | 2017-03-28 09:35:13,916] | th = -63.0772
[TRACE | 2017-03-28 09:35:13,919] | width = 453.693

[TRACE | 2017-03-28 09:35:13,922] | 
X = 
14459.7 52164.1 47046.1
44838.7 34345.6 6577.01
  29326 58533.1 29207.2
[TRACE | 2017-03-28 09:35:13,929] | 
X^-1 = 
 2.30882e-05   4.5947e-05 -4.75363e-05
-4.17096e-05 -3.57565e-05  7.52363e-05
 6.04065e-05  2.55244e-05 -6.88106e-05
[TRACE | 2017-03-28 09:35:13,939] | _isnan(width) = 0
[TRACE | 2017-03-28 09:35:13,941] | 
D = 
1.61848e-05
2.24344e-05
[TRACE | 2017-03-28 09:35:13,945] | th = 67.2376
[TRACE | 2017-03-28 09:35:13,947] | width = 422.253

[TRACE | 2017-03-28 09:35:13,952] | 
X = 
 50796.9 -22658.2   2526.7
 3205.64 -24995.2  48723.4
 8393.92    42010    52563
[TRACE | 2017-03-28 09:35:13,958] | 
X^-1 = 
 1.91721e-05 -7.39987e-06  5.93772e-06
 -1.3719e-06  -1.5111e-05  1.40731e-05
-1.96517e-06  1.32589e-05  6.82888e-06
[TRACE | 2017-03-28 09:35:13,966] | _isnan(width) = 0
[TRACE | 2017-03-28 09:35:13,969] | 
D = 
1.54976e-05
2.03349e-05
[TRACE | 2017-03-28 09:35:13,973] | th = 42.5527
[TRACE | 2017-03-28 09:35:13,975] | width = 443.516

[TRACE | 2017-03-28 09:35:13,980] | 
X = 
 29113.5  51329.5  22624.6
 55400.6 -3019.71  41.1488
   28435   -58205  29785.7
[TRACE | 2017-03-28 09:35:13,986] | 
X^-1 = 
   5.534e-07   1.7988e-05 -4.45202e-07
 1.04232e-05 -1.41487e-06 -7.91529e-06
 1.98399e-05 -1.99372e-05  1.85307e-05
[TRACE | 2017-03-28 09:35:13,994] | _isnan(width) = 0
[TRACE | 2017-03-28 09:35:13,996] | 
D = 
1.71589e-05
1.93708e-05
[TRACE | 2017-03-28 09:35:14,000] | th = -40.6148
[TRACE | 2017-03-28 09:35:14,002] | width = 454.418

[TRACE | 2017-03-28 09:35:14,007] | 
X = 
 2835.82 -23547.2  48881.1
 20235.8  57159.7  40364.6
 41921.6 -40502.9  9783.06
[TRACE | 2017-03-28 09:35:14,014] | 
X^-1 = 
-1.17863e-05  9.39787e-06   2.0115e-05
-8.02653e-06  1.08588e-05 -4.69866e-06
  1.7275e-05  4.68576e-06 -3.43043e-06
[TRACE | 2017-03-28 09:35:14,022] | _isnan(width) = 0
[TRACE | 2017-03-28 09:35:14,024] | 
D = 
1.62193e-05
2.00376e-05
[TRACE | 2017-03-28 09:35:14,028] | th = 38.9237
[TRACE | 2017-03-28 09:35:14,030] | width = 446.794

[TRACE | 2017-03-28 09:35:15,388] | Begin
[TRACE | 2017-03-28 09:35:16,470] | 
X = 
 1070.42 -15059.4  52966.3
 15446.2 -48931.6  38752.3
 16826.6 -48292.2  34649.6
[TRACE | 2017-03-28 09:35:16,476] | 
X^-1 = 
  6.9578e-05 -0.000805027  0.000793988
 4.62069e-05 -0.000337719  0.000307074
 3.06114e-05 -7.97513e-05  7.12614e-05
[TRACE | 2017-03-28 09:35:16,483] | _isnan(width) = 0
[TRACE | 2017-03-28 09:35:16,486] | 
D = 
1.63776e-05
6.42829e-05
[TRACE | 2017-03-28 09:35:16,488] | th = -69.741
[TRACE | 2017-03-28 09:35:16,491] | width = 249.449

[TRACE | 2017-03-28 09:35:16,495] | 
X = 
 1335.67 -17658.6  58365.4
 9909.57  42488.7  45544.2
 6634.62  36424.1  49992.1
[TRACE | 2017-03-28 09:35:16,501] | 
X^-1 = 
 5.37963e-05  0.000347932 -0.000379781
-2.23458e-05 -3.70585e-05  5.98497e-05
 9.14156e-06 -1.91745e-05  2.67989e-05
[TRACE | 2017-03-28 09:35:16,509] | _isnan(width) = 0
[TRACE | 2017-03-28 09:35:16,512] | 
D = 
 1.6728e-05
2.19845e-05
[TRACE | 2017-03-28 09:35:16,515] | th = -85.1208
[TRACE | 2017-03-28 09:35:16,518] | width = 426.552

[TRACE | 2017-03-28 09:35:16,522] | 
X = 
37592.8 53959.2 19362.8
43310.4 28240.7 4603.61
44896.8   44984 11267.8
[TRACE | 2017-03-28 09:35:16,529] | 
X^-1 = 
 5.11895e-05  0.000121157 -0.000137465
-0.000129595 -0.000205331  0.000306588
 0.000313412  0.000336981 -0.000587498
[TRACE | 2017-03-28 09:35:16,536] | _isnan(width) = 0
[TRACE | 2017-03-28 09:35:16,539] | 
D = 
1.72774e-05
 8.0499e-05
[TRACE | 2017-03-28 09:35:16,543] | th = 31.8497
[TRACE | 2017-03-28 09:35:16,545] | width = 222.913

[TRACE | 2017-03-28 09:35:16,550] | 
X = 
 282.084  7902.78  55350.6
 21548.9   -49832  28809.3
 8986.16 -39194.7  42738.5
[TRACE | 2017-03-28 09:35:16,556] | 
X^-1 = 
 3.64141e-05  9.12447e-05 -0.000108666
 2.40952e-05  1.76628e-05 -4.31118e-05
 1.44408e-05 -2.98685e-06  6.70917e-06
[TRACE | 2017-03-28 09:35:16,564] | _isnan(width) = 0
[TRACE | 2017-03-28 09:35:16,566] | 
D = 
1.71619e-05
1.99938e-05
[TRACE | 2017-03-28 09:35:16,570] | th = 53.5152
[TRACE | 2017-03-28 09:35:16,572] | width = 447.283

[TRACE | 2017-03-28 09:35:17,946] | Begin
[TRACE | 2017-03-28 09:35:19,026] | 
X = 
 4281.89  29872.5    52101
 39376.9 -49110.4  15312.4
 19758.2    53061  35624.1
[TRACE | 2017-03-28 09:35:19,033] | 
X^-1 = 
 -2.2167e-05  1.47118e-05  2.60961e-05
-9.51932e-06 -7.58697e-06  1.71834e-05
 2.64732e-05  3.14096e-06 -1.19969e-05
[TRACE | 2017-03-28 09:35:19,040] | _isnan(width) = 0
[TRACE | 2017-03-28 09:35:19,042] | 
D = 
1.76115e-05
1.86467e-05
[TRACE | 2017-03-28 09:35:19,045] | th = -85.7184
[TRACE | 2017-03-28 09:35:19,047] | width = 463.158

[TRACE | 2017-03-28 09:35:19,051] | 
X = 
 31390.5  52961.9  22339.3
 25544.5  54192.9  28742.7
 18996.1 -51123.5  34396.6
[TRACE | 2017-03-28 09:35:19,056] | 
X^-1 = 
 9.56482e-05 -8.50401e-05   8.9419e-06
-9.54462e-06  1.88046e-05 -9.51474e-06
-6.70095e-05   7.4914e-05  9.99262e-06
[TRACE | 2017-03-28 09:35:19,066] | _isnan(width) = 0
[TRACE | 2017-03-28 09:35:19,068] | 
D = 
1.78587e-05
1.95884e-05
[TRACE | 2017-03-28 09:35:19,072] | th = 81.4335
[TRACE | 2017-03-28 09:35:19,074] | width = 451.887

[TRACE | 2017-03-28 09:35:19,079] | 
X = 
 22187.9  53907.4  32743.1
 47543.1  35780.8  6732.13
 20723.4 -52414.3    33142
[TRACE | 2017-03-28 09:35:19,086] | 
X^-1 = 
-1.03164e-05  2.34849e-05  5.42174e-06
 9.62888e-06 -3.80866e-07 -9.43559e-06
 2.16789e-05 -1.52872e-05  1.18606e-05
[TRACE | 2017-03-28 09:35:19,094] | _isnan(width) = 0
[TRACE | 2017-03-28 09:35:19,096] | 
D = 
1.81687e-05
1.86737e-05
[TRACE | 2017-03-28 09:35:19,101] | th = 66.0065
[TRACE | 2017-03-28 09:35:19,103] | width = 462.823

[TRACE | 2017-03-28 09:35:19,108] | 
X = 
 36796.1 -53673.2  19572.8
 45871.7 -43733.7  10423.8
 16429.3  50476.8  38770.8
[TRACE | 2017-03-28 09:35:19,114] | 
X^-1 = 
-3.47709e-05  4.80295e-05  4.64048e-06
-2.51535e-05  1.72942e-05  8.04867e-06
 4.74824e-05 -4.28686e-05  1.33474e-05
[TRACE | 2017-03-28 09:35:19,122] | _isnan(width) = 0
[TRACE | 2017-03-28 09:35:19,125] | 
D = 
1.77382e-05
1.81221e-05
[TRACE | 2017-03-28 09:35:19,129] | th = -40.3376
[TRACE | 2017-03-28 09:35:19,132] | width = 469.814

[TRACE | 2017-03-28 09:35:20,557] | Begin
[TRACE | 2017-03-28 09:35:21,642] | 
X = 
  47617 33665.8 5950.54
44010.5 42737.9 10375.5
5657.02 32663.5 47149.7
[TRACE | 2017-03-28 09:35:21,647] | 
X^-1 = 
 8.80037e-05 -7.31345e-05  4.98706e-06
-0.000105866  0.000116108 -1.21893e-05
 6.27811e-05 -7.16605e-05   2.9055e-05
[TRACE | 2017-03-28 09:35:21,652] | _isnan(width) = 0
[TRACE | 2017-03-28 09:35:21,654] | 
D = 
1.80623e-05
2.19697e-05
[TRACE | 2017-03-28 09:35:21,656] | th = 42.6562
[TRACE | 2017-03-28 09:35:21,658] | width = 426.696

[TRACE | 2017-03-28 09:35:21,661] | 
X = 
 6881.46 -36052.2  47219.7
 9990.92  39721.8  39481.3
 50645.4  2835.98  39.7014
[TRACE | 2017-03-28 09:35:21,666] | 
X^-1 = 
 6.63055e-07  -8.1294e-07  1.98154e-05
-1.20077e-05  1.43625e-05 -1.20176e-06
 1.19131e-05  1.10842e-05  -3.8053e-06
[TRACE | 2017-03-28 09:35:21,674] | _isnan(width) = 0
[TRACE | 2017-03-28 09:35:21,677] | 
D = 
1.82517e-05
2.06058e-05
[TRACE | 2017-03-28 09:35:21,680] | th = -50.8021
[TRACE | 2017-03-28 09:35:21,681] | width = 440.591

[TRACE | 2017-03-28 09:35:21,685] | 
X = 
 50776.5  27016.1  3593.55
 51830.7 -21831.2  2298.84
 48989.8 -27912.2  3975.78
[TRACE | 2017-03-28 09:35:21,691] | 
X^-1 = 
 4.49982e-06  4.13017e-05 -2.79483e-05
 1.85811e-05 -5.13585e-06 -1.38251e-05
 7.50026e-05 -0.000544979  0.000498844
[TRACE | 2017-03-28 09:35:21,699] | _isnan(width) = 0
[TRACE | 2017-03-28 09:35:21,702] | 
D = 
1.78402e-05
2.88801e-05
[TRACE | 2017-03-28 09:35:21,706] | th = 1.97291
[TRACE | 2017-03-28 09:35:21,708] | width = 372.161

[TRACE | 2017-03-28 09:35:21,711] | 
X = 
 24261.5 -48742.5  24481.6
 11286.7 -44096.5  43070.4
 9455.44    40931  44295.9
[TRACE | 2017-03-28 09:35:21,717] | 
X^-1 = 
 5.79532e-05 -4.92972e-05  1.59036e-05
 1.44573e-06 -1.31494e-05  1.19866e-05
-1.37066e-05  2.26736e-05  8.10458e-06
[TRACE | 2017-03-28 09:35:21,726] | _isnan(width) = 0
[TRACE | 2017-03-28 09:35:21,728] | 
D = 
1.70608e-05
2.45703e-05
[TRACE | 2017-03-28 09:35:21,732] | th = -87.8394
[TRACE | 2017-03-28 09:35:21,734] | width = 403.483

[TRACE | 2017-03-28 09:35:23,003] | Begin
[TRACE | 2017-03-28 09:35:24,109] | 
X = 
 28197.3 -52394.5  24339.1
 5195.46 -30416.1  44516.9
 31300.9  53426.5    22798
[TRACE | 2017-03-28 09:35:24,114] | 
X^-1 = 
 2.48749e-05 -2.02028e-05  1.28928e-05
-1.03245e-05  9.63567e-07  9.14083e-06
-9.95729e-06  2.54796e-05  4.74078e-06
[TRACE | 2017-03-28 09:35:24,120] | _isnan(width) = 0
[TRACE | 2017-03-28 09:35:24,123] | 
D = 
1.75472e-05
2.02809e-05
[TRACE | 2017-03-28 09:35:24,126] | th = 4.63259
[TRACE | 2017-03-28 09:35:24,129] | width = 444.106

[TRACE | 2017-03-28 09:35:24,132] | 
X = 
 7829.61 -36149.5  41725.8
 11345.4  44793.5    44213
 46433.8  37809.5  7696.75
[TRACE | 2017-03-28 09:35:24,138] | 
X^-1 = 
 8.82635e-06 -1.23449e-05   2.3064e-05
-1.30752e-05   1.2487e-05 -8.46284e-07
  1.0982e-05  1.31346e-05 -5.06102e-06
[TRACE | 2017-03-28 09:35:24,146] | _isnan(width) = 0
[TRACE | 2017-03-28 09:35:24,149] | 
D = 
1.78453e-05
2.07558e-05
[TRACE | 2017-03-28 09:35:24,153] | th = 49.845
[TRACE | 2017-03-28 09:35:24,155] | width = 438.996

[TRACE | 2017-03-28 09:35:24,160] | 
X = 
 55509.5 -13029.5  764.593
 46395.2    36467  7165.84
 16282.9 -52228.9  41882.1
[TRACE | 2017-03-28 09:35:24,172] | 
X^-1 = 
 1.49675e-05  3.98098e-06 -9.54372e-07
-1.43762e-05  1.82012e-05  -2.8517e-06
-2.37468e-05    2.115e-05  2.06914e-05
[TRACE | 2017-03-28 09:35:24,179] | _isnan(width) = 0
[TRACE | 2017-03-28 09:35:24,182] | 
D = 
1.70697e-05
 1.9019e-05
[TRACE | 2017-03-28 09:35:24,186] | th = -43.5237
[TRACE | 2017-03-28 09:35:24,188] | width = 458.602

[TRACE | 2017-03-28 09:35:24,193] | 
X = 
 55684.3 -6386.26  183.105
 10821.2  42968.8  42655.3
   19593  52761.8  35520.3
[TRACE | 2017-03-28 09:35:24,200] | 
X^-1 = 
 1.67413e-05 -5.46644e-06  6.47819e-06
-1.04329e-05  -4.5634e-05  5.48544e-05
 6.26255e-06     7.08e-05  -5.6901e-05
[TRACE | 2017-03-28 09:35:24,208] | _isnan(width) = 0
[TRACE | 2017-03-28 09:35:24,210] | 
D = 
1.72483e-05
2.06662e-05
[TRACE | 2017-03-28 09:35:24,214] | th = 22.5991
[TRACE | 2017-03-28 09:35:24,216] | width = 439.946

[TRACE | 2017-03-28 09:35:25,615] | Begin
[TRACE | 2017-03-28 09:35:26,727] | 
X = 
12701.4 46003.4   41655
13759.1 47366.5 40765.4
  45668 38934.3 8298.38
[TRACE | 2017-03-28 09:35:26,732] | 
X^-1 = 
 0.000465231 -0.000483131  3.80652e-05
-0.000680834   0.00070008  -2.1567e-05
 0.000634056 -0.000625846  1.22115e-05
[TRACE | 2017-03-28 09:35:26,738] | _isnan(width) = 0
[TRACE | 2017-03-28 09:35:26,741] | 
D = 
1.79688e-05
2.26173e-05
[TRACE | 2017-03-28 09:35:26,744] | th = 43.4213
[TRACE | 2017-03-28 09:35:26,746] | width = 420.543

[TRACE | 2017-03-28 09:35:26,750] | 
X = 
 42534.6 -54887.5    17707
 13867.6  47355.8  40428.2
 7786.16  37930.9  46195.9
[TRACE | 2017-03-28 09:35:26,756] | 
X^-1 = 
 1.34894e-05  6.61354e-05 -6.30486e-05
-6.71922e-06  3.76753e-05 -3.03959e-05
 3.24348e-06 -4.20816e-05  5.72313e-05
[TRACE | 2017-03-28 09:35:26,765] | _isnan(width) = 0
[TRACE | 2017-03-28 09:35:26,767] | 
D = 
1.64173e-05
1.85519e-05
[TRACE | 2017-03-28 09:35:26,770] | th = -15.8299
[TRACE | 2017-03-28 09:35:26,772] | width = 464.339

[TRACE | 2017-03-28 09:35:26,777] | 
X = 
3521.01 27969.1   55543
45225.1 40118.4  8897.1
47671.5 33482.4 5879.14
[TRACE | 2017-03-28 09:35:26,784] | 
X^-1 = 
  3.4631e-06 -9.46401e-05  0.000110504
-8.83461e-06  0.000146661 -0.000138482
 2.22333e-05 -6.78526e-05  6.27284e-05
[TRACE | 2017-03-28 09:35:26,792] | _isnan(width) = 0
[TRACE | 2017-03-28 09:35:26,795] | 
D = 
1.69297e-05
1.95068e-05
[TRACE | 2017-03-28 09:35:26,799] | th = 74.705
[TRACE | 2017-03-28 09:35:26,801] | width = 452.832

[TRACE | 2017-03-28 09:35:26,805] | 
X = 
41160.8 45659.9 12662.7
21350.7 53032.7 32931.8
13661.2 47109.8 40613.8
[TRACE | 2017-03-28 09:35:26,812] | 
X^-1 = 
 6.47212e-05 -0.000135135  8.93951e-05
-4.48247e-05  0.000161006 -0.000116576
  3.0224e-05 -0.000141303  0.000129775
[TRACE | 2017-03-28 09:35:26,821] | _isnan(width) = 0
[TRACE | 2017-03-28 09:35:26,824] | 
D = 
1.84185e-05
 1.9259e-05
[TRACE | 2017-03-28 09:35:26,828] | th = 54.9526
[TRACE | 2017-03-28 09:35:26,831] | width = 455.736

[TRACE | 2017-03-28 09:35:28,086] | Begin
[TRACE | 2017-03-28 09:35:29,205] | 
X = 
 10457.1  43305.3  44834.4
 47410.7 -37338.6  7351.56
 5664.08 -32701.8  47201.4
[TRACE | 2017-03-28 09:35:29,210] | 
X^-1 = 
 8.89794e-06  2.05213e-05 -1.16479e-05
 1.28393e-05   -1.401e-06 -1.19773e-05
 7.82753e-06 -3.43315e-06  1.42855e-05
[TRACE | 2017-03-28 09:35:29,216] | _isnan(width) = 0
[TRACE | 2017-03-28 09:35:29,219] | 
D = 
1.75207e-05
1.89305e-05
[TRACE | 2017-03-28 09:35:29,222] | th = 24.9354
[TRACE | 2017-03-28 09:35:29,224] | width = 459.673

[TRACE | 2017-03-28 09:35:29,228] | 
X = 
 41205.7 -52335.2  16617.7
 43267.4  14938.9  1289.49
   14882 -47798.8  38380.5
[TRACE | 2017-03-28 09:35:29,233] | 
X^-1 = 
  8.5801e-06  1.64082e-05 -4.26621e-06
 -2.2179e-05  1.80276e-05  8.99718e-06
-3.09484e-05  1.60891e-05  3.89141e-05
[TRACE | 2017-03-28 09:35:29,243] | _isnan(width) = 0
[TRACE | 2017-03-28 09:35:29,245] | 
D = 
1.72642e-05
2.75127e-05
[TRACE | 2017-03-28 09:35:29,249] | th = -35.5117
[TRACE | 2017-03-28 09:35:29,251] | width = 381.297

[TRACE | 2017-03-28 09:35:29,256] | 
X = 
 2085.59 -20953.6  52629.1
 5088.22 -31042.1  47345.2
 14002.4  47903.1    40970
[TRACE | 2017-03-28 09:35:29,263] | 
X^-1 = 
-0.000188303   0.00017978  3.41343e-05
 2.41768e-05 -3.46567e-05  8.99259e-06
 3.60886e-05 -2.09224e-05   2.2276e-06
[TRACE | 2017-03-28 09:35:29,270] | _isnan(width) = 0
[TRACE | 2017-03-28 09:35:29,273] | 
D = 
1.71329e-05
2.58725e-05
[TRACE | 2017-03-28 09:35:29,277] | th = 80.0505
[TRACE | 2017-03-28 09:35:29,279] | width = 393.198

[TRACE | 2017-03-28 09:35:29,284] | 
X = 
 7408.71 -36482.6  44912.8
 37996.2 -48370.4  15394.3
 45827.6 -38929.9  8267.61
[TRACE | 2017-03-28 09:35:29,290] | 
X^-1 = 
 9.81078e-06 -7.11898e-05  7.92591e-05
 1.92557e-05 -9.82601e-05  7.83556e-05
 3.62884e-05 -6.80734e-05  5.05739e-05
[TRACE | 2017-03-28 09:35:29,298] | _isnan(width) = 0
[TRACE | 2017-03-28 09:35:29,300] | 
D = 
1.75424e-05
1.91266e-05
[TRACE | 2017-03-28 09:35:29,304] | th = 27.4974
[TRACE | 2017-03-28 09:35:29,306] | width = 457.311

[TRACE | 2017-03-28 09:35:29,311] | 
X = 
 6644.48  36660.3  50567.4
 53136.6  31751.9  4743.35
 42224.6 -43921.5  11421.6
[TRACE | 2017-03-28 09:35:29,318] | 
X^-1 = 
-2.89954e-06  1.34047e-05  7.27036e-06
 2.06484e-06  1.04573e-05 -1.34846e-05
 1.86596e-05 -9.34265e-06  8.82074e-06
[TRACE | 2017-03-28 09:35:29,325] | _isnan(width) = 0
[TRACE | 2017-03-28 09:35:29,328] | 
D = 
1.69772e-05
 1.8936e-05
[TRACE | 2017-03-28 09:35:29,332] | th = 39.6717
[TRACE | 2017-03-28 09:35:29,334] | width = 459.606

[TRACE | 2017-03-28 09:35:30,930] | Begin
[TRACE | 2017-03-28 09:35:32,000] | 
X = 
 50959.4 -27811.4  3794.55
 11937.3 -45757.3  43848.4
 46544.6   -37798  7673.75
[TRACE | 2017-03-28 09:35:32,006] | 
X^-1 = 
 6.97697e-05  3.73838e-06 -5.58614e-05
 0.000104116  1.14534e-05  -0.00011693
 8.96549e-05  3.37401e-05 -0.000106812
[TRACE | 2017-03-28 09:35:32,012] | _isnan(width) = 0
[TRACE | 2017-03-28 09:35:32,015] | 
D = 
1.56547e-05
1.85747e-05
[TRACE | 2017-03-28 09:35:32,018] | th = 55.682
[TRACE | 2017-03-28 09:35:32,020] | width = 464.054

[TRACE | 2017-03-28 09:35:32,024] | 
X = 
 8357.22 -39826.4  47448.3
 42196.5 -45120.5  12061.8
 46475.7  37867.5  7713.45
[TRACE | 2017-03-28 09:35:32,029] | 
X^-1 = 
-5.05433e-06  1.32135e-05  1.04286e-05
 1.47651e-06 -1.34445e-05  1.19411e-05
 2.32051e-05 -1.36122e-05  8.18613e-06
[TRACE | 2017-03-28 09:35:32,037] | _isnan(width) = 0
[TRACE | 2017-03-28 09:35:32,040] | 
D = 
1.77782e-05
1.85887e-05
[TRACE | 2017-03-28 09:35:32,044] | th = 88.0985
[TRACE | 2017-03-28 09:35:32,046] | width = 463.88

[TRACE | 2017-03-28 09:35:32,051] | 
X = 
 5539.87 -33306.3  50060.3
 10114.3  45204.4  50508.8
 42201.6  41192.2  10051.7
[TRACE | 2017-03-28 09:35:32,057] | 
X^-1 = 
 1.07509e-05 -1.58461e-05  2.60822e-05
-1.34198e-05  1.35987e-05 -1.49749e-06
 9.85764e-06  1.08011e-05 -3.88268e-06
[TRACE | 2017-03-28 09:35:32,065] | _isnan(width) = 0
[TRACE | 2017-03-28 09:35:32,067] | 
D = 
1.63972e-05
2.13659e-05
[TRACE | 2017-03-28 09:35:32,071] | th = 73.971
[TRACE | 2017-03-28 09:35:32,073] | width = 432.682

[TRACE | 2017-03-28 09:35:32,077] | 
X = 
   41398 -44817.4  12129.8
 46455.3 -35720.5  6866.55
   13798  50713.1  46597.5
[TRACE | 2017-03-28 09:35:32,083] | 
X^-1 = 
-4.57405e-05  6.14397e-05  2.85302e-06
-4.70415e-05  4.00356e-05  6.34576e-06
 6.47405e-05 -6.17646e-05  1.37093e-05
[TRACE | 2017-03-28 09:35:32,091] | _isnan(width) = 0
[TRACE | 2017-03-28 09:35:32,094] | 
D = 
1.64754e-05
1.87621e-05
[TRACE | 2017-03-28 09:35:32,098] | th = 72.3673
[TRACE | 2017-03-28 09:35:32,100] | width = 461.732

[TRACE | 2017-03-28 09:35:33,452] | Begin
[TRACE | 2017-03-28 09:35:34,564] | 
X = 
 17889.6  49307.4  33975.4
 13282.1   -44791  37761.9
 47852.4 -38358.5  7687.05
[TRACE | 2017-03-28 09:35:34,569] | 
X^-1 = 
 6.93019e-06 -1.05585e-05  2.12374e-05
 1.07005e-05 -9.34097e-06 -1.40765e-06
 1.02547e-05  1.91158e-05 -9.13957e-06
[TRACE | 2017-03-28 09:35:34,576] | _isnan(width) = 0
[TRACE | 2017-03-28 09:35:34,578] | 
D = 
1.76082e-05
2.02318e-05
[TRACE | 2017-03-28 09:35:34,581] | th = 1.05141
[TRACE | 2017-03-28 09:35:34,583] | width = 444.644

[TRACE | 2017-03-28 09:35:34,587] | 
X = 
 38286.2  57560.3  21634.4
 6778.46  35388.3  46187.9
 38939.7 -49366.9  15646.6
[TRACE | 2017-03-28 09:35:34,594] | 
X^-1 = 
 1.67817e-05 -1.16581e-05    1.121e-05
 1.00227e-05 -1.44131e-06 -9.60356e-06
 -1.0142e-05  2.44659e-05   5.7129e-06
[TRACE | 2017-03-28 09:35:34,602] | _isnan(width) = 0
[TRACE | 2017-03-28 09:35:34,604] | 
D = 
1.60703e-05
2.03002e-05
[TRACE | 2017-03-28 09:35:34,608] | th = 14.4513
[TRACE | 2017-03-28 09:35:34,611] | width = 443.894

[TRACE | 2017-03-28 09:35:34,616] | 
X = 
 16202.4 -48927.3    36937
 18147.1 -49253.1  33419.5
 17085.4  51549.9  38883.9
[TRACE | 2017-03-28 09:35:34,623] | 
X^-1 = 
-0.000273911   0.00028661  1.38644e-05
-1.01379e-05 -8.06327e-08  9.69955e-06
 0.000133795 -0.000125828  6.76652e-06
[TRACE | 2017-03-28 09:35:34,631] | _isnan(width) = 0
[TRACE | 2017-03-28 09:35:34,634] | 
D = 
 1.4711e-05
2.65861e-05
[TRACE | 2017-03-28 09:35:34,637] | th = 87.493
[TRACE | 2017-03-28 09:35:34,640] | width = 387.885

[TRACE | 2017-03-28 09:35:34,645] | 
X = 
 48064.3 -32496.1  5492.62
 32125.4 -57037.2  25316.7
 41928.4  35265.4  7415.32
[TRACE | 2017-03-28 09:35:34,652] | 
X^-1 = 
 1.86273e-05 -6.15368e-06  7.21181e-06
-1.16552e-05 -1.78543e-06  1.47288e-05
-4.98955e-05  4.32858e-05  2.40318e-05
[TRACE | 2017-03-28 09:35:34,660] | _isnan(width) = 0
[TRACE | 2017-03-28 09:35:34,663] | 
D = 
1.68391e-05
2.02685e-05
[TRACE | 2017-03-28 09:35:34,667] | th = -65.6498
[TRACE | 2017-03-28 09:35:34,670] | width = 444.242

[TRACE | 2017-03-28 09:35:35,945] | Begin
[TRACE | 2017-03-28 09:35:37,030] | 
X = 
 53129.2 -9394.93  415.331
 47743.3 -32609.4  5568.19
 49061.2   -19217   1881.8
[TRACE | 2017-03-28 09:35:37,035] | 
X^-1 = 
 4.62995e-05  9.83814e-06 -3.93296e-05
  0.00018599  8.07525e-05 -0.000279995
 0.000692242  0.000568153  -0.00130253
[TRACE | 2017-03-28 09:35:37,041] | _isnan(width) = 0
[TRACE | 2017-03-28 09:35:37,043] | 
D = 
-4.49777e-05
 1.96504e-05
[TRACE | 2017-03-28 09:35:37,046] | th = 77.8942
[TRACE | 2017-03-28 09:35:37,048] | width = 451.174

[TRACE | 2017-03-28 09:35:37,052] | 
X = 
 21336.5  54324.9  34579.2
 44491.3  41783.2  9809.97
 39231.8 -47554.8  14410.9
[TRACE | 2017-03-28 09:35:37,058] | 
X^-1 = 
-8.83416e-06  2.00656e-05  7.53842e-06
 2.11872e-06  8.67282e-06 -1.09878e-05
 3.10416e-05 -2.60064e-05  1.26107e-05
[TRACE | 2017-03-28 09:35:37,071] | _isnan(width) = 0
[TRACE | 2017-03-28 09:35:37,074] | 
D = 
1.76126e-05
1.88031e-05
[TRACE | 2017-03-28 09:35:37,078] | th = 80.3752
[TRACE | 2017-03-28 09:35:37,080] | width = 461.227

[TRACE | 2017-03-28 09:35:37,084] | 
X = 
 32393.5  51821.6  20725.4
 6726.94  36914.1  50641.6
 46663.8 -38435.3  7914.45
[TRACE | 2017-03-28 09:35:37,089] | 
X^-1 = 
 1.48095e-05  -7.9832e-06  1.23001e-05
 1.52812e-05 -4.70201e-06 -9.93026e-06
-1.31062e-05  2.42345e-05  5.60458e-06
[TRACE | 2017-03-28 09:35:37,096] | _isnan(width) = 0
[TRACE | 2017-03-28 09:35:37,098] | 
D = 
1.65683e-05
1.92911e-05
[TRACE | 2017-03-28 09:35:37,101] | th = -75.7652
[TRACE | 2017-03-28 09:35:37,102] | width = 455.357

[TRACE | 2017-03-28 09:35:37,106] | 
X = 
  4384.7 -28472.5  46222.2
 586.468  11430.8    55699
 41120.9 -51103.9  15877.6
[TRACE | 2017-03-28 09:35:37,112] | 
X^-1 = 
-4.04894e-05  2.55413e-05  2.82716e-05
-3.05025e-05  2.44851e-05  2.90327e-06
 6.68618e-06  1.26598e-05 -8.93499e-07
[TRACE | 2017-03-28 09:35:37,118] | _isnan(width) = 0
[TRACE | 2017-03-28 09:35:37,120] | 
D = 
1.18538e-05
1.99221e-05
[TRACE | 2017-03-28 09:35:37,123] | th = 25.2644
[TRACE | 2017-03-28 09:35:37,125] | width = 448.087

[TRACE | 2017-03-28 09:35:38,472] | Begin
[TRACE | 2017-03-28 09:35:39,546] | 
X = 
 16714.4 -49956.2  37327.4
  9744.8 -41815.4    44858
 40286.8  38217.4  9063.59
[TRACE | 2017-03-28 09:35:39,551] | 
X^-1 = 
 4.74969e-05  -4.2641e-05  1.54305e-05
-3.89999e-05   3.0683e-05  8.75872e-06
-4.66727e-05  6.01576e-05  4.81258e-06
[TRACE | 2017-03-28 09:35:39,556] | _isnan(width) = 0
[TRACE | 2017-03-28 09:35:39,558] | 
D = 
1.82037e-05
2.03801e-05
[TRACE | 2017-03-28 09:35:39,560] | th = -78.0235
[TRACE | 2017-03-28 09:35:39,562] | width = 443.023

[TRACE | 2017-03-28 09:35:39,565] | 
X = 
 44179.2   -47075  12540.2
 12279.2 -45214.9    41623
 24394.9 -51536.9  27219.4
[TRACE | 2017-03-28 09:35:39,570] | 
X^-1 = 
 6.42669e-05  4.46348e-05 -9.78625e-05
 4.78738e-05  6.30169e-05 -0.000118419
 3.30458e-05  7.93125e-05 -9.97681e-05
[TRACE | 2017-03-28 09:35:39,579] | _isnan(width) = 0
[TRACE | 2017-03-28 09:35:39,581] | 
D = 
4.24627e-06
1.93832e-05
[TRACE | 2017-03-28 09:35:39,585] | th = 42.0596
[TRACE | 2017-03-28 09:35:39,586] | width = 454.274

[TRACE | 2017-03-28 09:35:39,591] | 
X = 
 16494.3 -49711.5  37455.8
 16530.2 -49747.5  37428.7
 15732.7   -49052    38234
[TRACE | 2017-03-28 09:35:39,596] | 
X^-1 = 
 -1.25331   1.20194 0.0511793
-0.818432  0.784308 0.0339873
-0.534284  0.511642 0.0225704
[TRACE | 2017-03-28 09:35:39,601] | _isnan(width) = 0
[TRACE | 2017-03-28 09:35:39,604] | 
D = 
-0.000281272
  1.8551e-05
[TRACE | 2017-03-28 09:35:39,607] | th = 33.1587
[TRACE | 2017-03-28 09:35:39,609] | width = 464.351

[TRACE | 2017-03-28 09:35:39,613] | 
X = 
 17417.4 -50422.5  36492.5
 53812.4 -28778.9  3847.74
 3027.74   -25088  51970.2
[TRACE | 2017-03-28 09:35:39,620] | 
X^-1 = 
-1.99958e-05  2.43666e-05  1.22366e-05
-3.98025e-05  1.13576e-05  2.71077e-05
-1.80492e-05  4.06319e-06  3.16148e-05
[TRACE | 2017-03-28 09:35:39,628] | _isnan(width) = 0
[TRACE | 2017-03-28 09:35:39,630] | 
D = 
1.56867e-05
1.85495e-05
[TRACE | 2017-03-28 09:35:39,634] | th = 34.5494
[TRACE | 2017-03-28 09:35:39,636] | width = 464.37

[TRACE | 2017-03-28 09:35:40,951] | Begin
[TRACE | 2017-03-28 09:35:42,029] | 
X = 
 46986.7 -46737.9  11622.6
 49834.3  32506.8  5301.03
 13170.8  46638.2  41286.9
[TRACE | 2017-03-28 09:35:42,035] | 
X^-1 = 
  6.5805e-06  1.48557e-05 -3.75987e-06
-1.19465e-05  1.07395e-05  1.98415e-06
 1.13957e-05 -1.68706e-05  2.31789e-05
[TRACE | 2017-03-28 09:35:42,040] | _isnan(width) = 0
[TRACE | 2017-03-28 09:35:42,043] | 
D = 
 1.6913e-05
1.84674e-05
[TRACE | 2017-03-28 09:35:42,046] | th = -44.4901
[TRACE | 2017-03-28 09:35:42,049] | width = 465.4

[TRACE | 2017-03-28 09:35:42,053] | 
X = 
42951.4  -34365 6873.75
12266.2 45609.7 42398.1
53475.3 24554.7 2818.75
[TRACE | 2017-03-28 09:35:42,060] | 
X^-1 = 
 6.98631e-06 -2.03384e-06  1.35553e-05
-1.70937e-05  1.88728e-06  1.32968e-05
 1.63673e-05  2.21441e-05 -1.82256e-05
[TRACE | 2017-03-28 09:35:42,068] | _isnan(width) = 0
[TRACE | 2017-03-28 09:35:42,070] | 
D = 
1.72904e-05
2.15032e-05
[TRACE | 2017-03-28 09:35:42,073] | th = 32.5184
[TRACE | 2017-03-28 09:35:42,075] | width = 431.299

[TRACE | 2017-03-28 09:35:42,079] | 
X = 
 43079.7  45052.2  11778.8
 15764.4 -45820.6  33295.3
 43032.8    40439   9500.4
[TRACE | 2017-03-28 09:35:42,084] | 
X^-1 = 
-0.000151249  4.10077e-06   0.00017315
 0.000108914 -8.28502e-06 -0.000105997
 0.000221498  1.66909e-05 -0.000227854
[TRACE | 2017-03-28 09:35:42,090] | _isnan(width) = 0
[TRACE | 2017-03-28 09:35:42,092] | 
D = 
8.67211e-06
2.76644e-05
[TRACE | 2017-03-28 09:35:42,095] | th = 72.7872
[TRACE | 2017-03-28 09:35:42,097] | width = 380.25

[TRACE | 2017-03-28 09:35:42,101] | 
X = 
 43383.5 -33873.8  6612.15
 9857.91  41836.5  44388.1
 13159.1  46645.8    41337
[TRACE | 2017-03-28 09:35:42,106] | 
X^-1 = 
 1.59542e-05 -7.99148e-05  8.32613e-05
-8.26008e-06 -7.98056e-05  8.70173e-05
 4.24208e-06  0.000115494 -0.000100506
[TRACE | 2017-03-28 09:35:42,114] | _isnan(width) = 0
[TRACE | 2017-03-28 09:35:42,116] | 
D = 
1.82165e-05
2.03145e-05
[TRACE | 2017-03-28 09:35:42,120] | th = 45.9624
[TRACE | 2017-03-28 09:35:42,122] | width = 443.738

[TRACE | 2017-03-28 09:35:43,422] | Begin
[TRACE | 2017-03-28 09:35:44,480] | 
X = 
 16143.2 -50313.3  39202.6
   23087 -56524.2  34597.3
 52466.6 -20155.3   1935.7
[TRACE | 2017-03-28 09:35:44,486] | 
X^-1 = 
  3.1901e-05 -3.75901e-05  2.57851e-05
 9.60718e-05 -0.000109912   1.8805e-05
 0.000135672 -0.000125584  1.35166e-05
[TRACE | 2017-03-28 09:35:44,493] | _isnan(width) = 0
[TRACE | 2017-03-28 09:35:44,495] | 
D = 
 1.6585e-05
2.71157e-05
[TRACE | 2017-03-28 09:35:44,498] | th = -35.2689
[TRACE | 2017-03-28 09:35:44,500] | width = 384.078

[TRACE | 2017-03-28 09:35:44,504] | 
X = 
94.6618 4661.41 57385.1
43794.2 41204.6 9692.05
43986.4   40919 9516.35
[TRACE | 2017-03-28 09:35:44,509] | 
X^-1 = 
 3.96221e-06  -0.00204164   0.00205544
-8.47046e-06   0.00223615  -0.00222636
 1.81077e-05 -0.000178276  0.000177457
[TRACE | 2017-03-28 09:35:44,518] | _isnan(width) = 0
[TRACE | 2017-03-28 09:35:44,520] | 
D = 
1.61837e-05
1.88698e-05
[TRACE | 2017-03-28 09:35:44,524] | th = -50.0879
[TRACE | 2017-03-28 09:35:44,526] | width = 460.412

[TRACE | 2017-03-28 09:35:44,531] | 
X = 
  5535.5  33931.6  51998.5
 54568.5  22877.8  2397.88
 41860.8 -42160.4  10615.6
[TRACE | 2017-03-28 09:35:44,538] | 
X^-1 = 
-1.87163e-06  1.38893e-05  6.03052e-06
 2.60592e-06  1.15247e-05 -1.53679e-05
 1.77301e-05 -8.99902e-06  9.38631e-06
[TRACE | 2017-03-28 09:35:44,546] | _isnan(width) = 0
[TRACE | 2017-03-28 09:35:44,548] | 
D = 
 1.6845e-05
1.93205e-05
[TRACE | 2017-03-28 09:35:44,552] | th = 44.1992
[TRACE | 2017-03-28 09:35:44,554] | width = 455.01

[TRACE | 2017-03-28 09:35:44,559] | 
X = 
 42781.1  43459.9  11037.4
 27279.1  52833.1  25581.2
 329.931 -8757.19  58109.3
[TRACE | 2017-03-28 09:35:44,566] | 
X^-1 = 
 4.73482e-05 -3.76887e-05  7.59813e-06
-2.26633e-05  3.56801e-05 -1.14026e-05
-3.68423e-06  5.59105e-06  1.54474e-05
[TRACE | 2017-03-28 09:35:44,574] | _isnan(width) = 0
[TRACE | 2017-03-28 09:35:44,577] | 
D = 
 1.5691e-05
1.89209e-05
[TRACE | 2017-03-28 09:35:44,580] | th = -44.1431
[TRACE | 2017-03-28 09:35:44,583] | width = 459.79

[TRACE | 2017-03-28 09:35:45,802] | Begin
[TRACE | 2017-03-28 09:35:46,901] | 
X = 
 44987.3  34649.8  6671.94
 47044.7 -31095.3   5138.3
 6577.54 -35249.9  47227.1
[TRACE | 2017-03-28 09:35:46,907] | 
X^-1 = 
 8.97591e-06  1.30488e-05 -2.68776e-06
 1.52547e-05 -1.45069e-05 -5.76735e-07
 1.01358e-05 -1.26452e-05  2.11181e-05
[TRACE | 2017-03-28 09:35:46,913] | _isnan(width) = 0
[TRACE | 2017-03-28 09:35:46,916] | 
D = 
1.85706e-05
1.93751e-05
[TRACE | 2017-03-28 09:35:46,919] | th = -77.4178
[TRACE | 2017-03-28 09:35:46,921] | width = 454.368

[TRACE | 2017-03-28 09:35:46,926] | 
X = 
 40623.6 -48852.6  14687.1
 18345.9  51521.5  36172.4
 18920.8  52217.7  36027.6
[TRACE | 2017-03-28 09:35:46,933] | 
X^-1 = 
 1.20047e-05 -0.000929198  0.000928039
 -8.6245e-06 -0.000435988  0.000441257
 6.19561e-06    0.0011199  -0.00109918
[TRACE | 2017-03-28 09:35:46,942] | _isnan(width) = 0
[TRACE | 2017-03-28 09:35:46,946] | 
D = 
1.01735e-05
2.75971e-05
[TRACE | 2017-03-28 09:35:46,950] | th = 11.3291
[TRACE | 2017-03-28 09:35:46,953] | width = 380.714

[TRACE | 2017-03-28 09:35:46,959] | 
X = 
 43467.2 -38262.5  8420.26
 12879.5  46130.1  41305.7
 45587.5 -43658.1  10452.6
[TRACE | 2017-03-28 09:35:46,966] | 
X^-1 = 
  0.00022845  3.23159e-06 -0.000196802
 0.000174763  7.04557e-06 -0.000168625
-0.000266407  1.53336e-05  0.000249684
[TRACE | 2017-03-28 09:35:46,974] | _isnan(width) = 0
[TRACE | 2017-03-28 09:35:46,977] | 
D = 
-5.67484e-06
 3.91654e-05
[TRACE | 2017-03-28 09:35:46,981] | th = -71.9919
[TRACE | 2017-03-28 09:35:46,983] | width = 319.579

[TRACE | 2017-03-28 09:35:46,987] | 
X = 
 43430.3 -46616.2  12508.9
 48224.5  36384.9  6863.03
 9292.82  41289.1    45863
[TRACE | 2017-03-28 09:35:46,994] | 
X^-1 = 
 7.65505e-06  1.46676e-05 -4.28277e-06
-1.18689e-05   1.0364e-05   1.6863e-06
  9.1341e-06 -1.23023e-05  2.11537e-05
[TRACE | 2017-03-28 09:35:47,002] | _isnan(width) = 0
[TRACE | 2017-03-28 09:35:47,005] | 
D = 
1.78292e-05
1.81961e-05
[TRACE | 2017-03-28 09:35:47,009] | th = -49.2662
[TRACE | 2017-03-28 09:35:47,011] | width = 468.857

[TRACE | 2017-03-28 09:35:48,507] | Begin
[TRACE | 2017-03-28 09:35:49,567] | 
X = 
 47383.5  43306.9  9895.24
 50770.2  13305.4  871.736
 26790.3 -51566.7  24814.2
[TRACE | 2017-03-28 09:35:49,573] | 
X^-1 = 
-5.75269e-06  2.43056e-05  1.44015e-06
 1.89623e-05 -1.39661e-05 -7.07101e-06
 4.56165e-05 -5.52644e-05  2.40503e-05
[TRACE | 2017-03-28 09:35:49,578] | _isnan(width) = 0
[TRACE | 2017-03-28 09:35:49,581] | 
D = 
1.37166e-05
 2.0679e-05
[TRACE | 2017-03-28 09:35:49,583] | th = 71.7072
[TRACE | 2017-03-28 09:35:49,586] | width = 439.811

[TRACE | 2017-03-28 09:35:49,590] | 
X = 
 52374.5  10023.9  479.614
 6537.48 -34136.8  44563.2
 9437.21   -40393  43222.4
[TRACE | 2017-03-28 09:35:49,595] | 
X^-1 = 
 1.76299e-05 -2.45862e-05  2.51532e-05
 7.49522e-06  0.000122718 -0.000126608
 3.15525e-06  0.000120053 -0.000100676
[TRACE | 2017-03-28 09:35:49,605] | _isnan(width) = 0
[TRACE | 2017-03-28 09:35:49,607] | 
D = 
1.61577e-05
2.45716e-05
[TRACE | 2017-03-28 09:35:49,611] | th = -29.4918
[TRACE | 2017-03-28 09:35:49,613] | width = 403.472

[TRACE | 2017-03-28 09:35:49,618] | 
X = 
 52751.6  1109.16  5.83035
 22596.9 -52737.6  30770.3
 4445.85 -29282.7  48217.7
[TRACE | 2017-03-28 09:35:49,625] | 
X^-1 = 
 1.87277e-05  6.11979e-07 -3.92801e-07
 1.08678e-05 -2.90127e-05  1.85132e-05
 4.87324e-06 -1.76759e-05  3.20186e-05
[TRACE | 2017-03-28 09:35:49,633] | _isnan(width) = 0
[TRACE | 2017-03-28 09:35:49,635] | 
D = 
1.86893e-05
1.94735e-05
[TRACE | 2017-03-28 09:35:49,639] | th = -34.9673
[TRACE | 2017-03-28 09:35:49,641] | width = 453.219

[TRACE | 2017-03-28 09:35:49,646] | 
X = 
 9068.48  43166.9  51369.7
 34681.1  57227.6  23607.9
 11614.7 -43463.9  40662.2
[TRACE | 2017-03-28 09:35:49,652] | 
X^-1 = 
-2.57518e-05  3.06277e-05  1.47508e-05
 8.72456e-06  1.75025e-06 -1.20381e-05
 1.66814e-05  -6.8776e-06  7.51186e-06
[TRACE | 2017-03-28 09:35:49,660] | _isnan(width) = 0
[TRACE | 2017-03-28 09:35:49,663] | 
D = 
1.65272e-05
2.04153e-05
[TRACE | 2017-03-28 09:35:49,667] | th = 63.2355
[TRACE | 2017-03-28 09:35:49,669] | width = 442.642

[TRACE | 2017-03-28 09:35:51,023] | Begin
[TRACE | 2017-03-28 09:35:52,082] | 
X = 
 18967.1 -51452.9  34894.7
 4939.13 -30950.7  48487.5
 58913.5   -29030  3576.18
[TRACE | 2017-03-28 09:35:52,088] | 
X^-1 = 
-2.06358e-05  1.31905e-05  2.25119e-05
-4.51715e-05  3.16312e-05   1.1891e-05
-2.67319e-05  3.94711e-05  5.29715e-06
[TRACE | 2017-03-28 09:35:52,095] | _isnan(width) = 0
[TRACE | 2017-03-28 09:35:52,098] | 
D = 
1.43322e-05
1.87707e-05
[TRACE | 2017-03-28 09:35:52,101] | th = 24.0008
[TRACE | 2017-03-28 09:35:52,103] | width = 461.626

[TRACE | 2017-03-28 09:35:52,107] | 
X = 
 31763.7  33668.8  8922.04
 2727.31 -23870.7  52232.1
 62888.8  39393.7  6169.07
[TRACE | 2017-03-28 09:35:52,112] | 
X^-1 = 
-4.05706e-05  2.64537e-06  3.62776e-05
 6.01323e-05  -6.7188e-06 -3.00801e-05
 2.95996e-05  1.59366e-05 -1.56412e-05
[TRACE | 2017-03-28 09:35:52,121] | _isnan(width) = 0
[TRACE | 2017-03-28 09:35:52,124] | 
D = 
-1.40398e-05
 4.22872e-05
[TRACE | 2017-03-28 09:35:52,128] | th = -27.9724
[TRACE | 2017-03-28 09:35:52,130] | width = 307.557

[TRACE | 2017-03-28 09:35:52,135] | 
X = 
 3686.67 -27334.6  50667.6
 23495.4 -54539.4  31650.3
 53029.8  58535.3  16153.1
[TRACE | 2017-03-28 09:35:52,141] | 
X^-1 = 
-1.60196e-05  1.99679e-05   1.1124e-05
 7.61172e-06 -1.53968e-05  6.29251e-06
 2.50085e-05 -9.75926e-06  2.58533e-06
[TRACE | 2017-03-28 09:35:52,150] | _isnan(width) = 0
[TRACE | 2017-03-28 09:35:52,152] | 
D = 
1.44199e-05
1.84869e-05
[TRACE | 2017-03-28 09:35:52,156] | th = 23.6098
[TRACE | 2017-03-28 09:35:52,158] | width = 465.155

[TRACE | 2017-03-28 09:35:52,163] | 
X = 
 53241.7 -41380.9   8040.6
 4936.25 -30960.2  48545.6
 8884.65  36321.4  37121.5
[TRACE | 2017-03-28 09:35:52,171] | 
X^-1 = 
 1.80142e-05 -1.13073e-05  1.08852e-05
-1.53432e-06 -1.17824e-05  1.57407e-05
-2.81025e-06  1.42347e-05  8.93186e-06
[TRACE | 2017-03-28 09:35:52,179] | _isnan(width) = 0
[TRACE | 2017-03-28 09:35:52,182] | 
D = 
1.61838e-05
2.17646e-05
[TRACE | 2017-03-28 09:35:52,186] | th = -30.1545
[TRACE | 2017-03-28 09:35:52,188] | width = 428.702

[TRACE | 2017-03-28 09:35:53,899] | Begin
[TRACE | 2017-03-28 09:35:54,956] | 
X = 
 47112.5 -12932.4  887.488
 51051.5  29278.4  4197.84
 46201.7 -58985.1  18826.4
[TRACE | 2017-03-28 09:35:54,961] | 
X^-1 = 
 1.82868e-05  4.37524e-06 -1.83763e-06
-1.75623e-05  1.93659e-05 -3.49025e-06
-9.99024e-05  4.99384e-05  4.66913e-05
[TRACE | 2017-03-28 09:35:54,967] | _isnan(width) = 0
[TRACE | 2017-03-28 09:35:54,970] | 
D = 
-3.39015e-06
 2.09419e-05
[TRACE | 2017-03-28 09:35:54,973] | th = 86.0156
[TRACE | 2017-03-28 09:35:54,975] | width = 437.04

[TRACE | 2017-03-28 09:35:54,979] | 
X = 
10936.1 42112.7 40541.9
47339.3 36705.1 7114.95
12415.3 46720.1 43953.1
[TRACE | 2017-03-28 09:35:54,984] | 
X^-1 = 
 0.000989193   3.3314e-05 -0.000917815
 -0.00153865  -1.7504e-05   0.00142207
   0.0013561  9.19582e-06  -0.00122959
[TRACE | 2017-03-28 09:35:54,992] | _isnan(width) = 0
[TRACE | 2017-03-28 09:35:54,995] | 
D = 
-1.47794e-05
 0.000255176
[TRACE | 2017-03-28 09:35:54,999] | th = 41.7016
[TRACE | 2017-03-28 09:35:55,001] | width = 125.202

[TRACE | 2017-03-28 09:35:55,006] | 
X = 
 9842.98  40299.2  41248.3
 39915.3  46711.8  13666.4
 16182.8 -56966.3  50132.7
[TRACE | 2017-03-28 09:35:55,013] | 
X^-1 = 
-1.87984e-05  2.63276e-05     8.29e-06
 1.07231e-05  1.04863e-06 -9.10863e-06
 1.82529e-05   -7.307e-06  6.92083e-06
[TRACE | 2017-03-28 09:35:55,021] | _isnan(width) = 0
[TRACE | 2017-03-28 09:35:55,023] | 
D = 
1.39899e-05
1.96961e-05
[TRACE | 2017-03-28 09:35:55,027] | th = -34.4861
[TRACE | 2017-03-28 09:35:55,030] | width = 450.651

[TRACE | 2017-03-28 09:35:55,035] | 
X = 
21978.9 52138.8 30921.1
34874.4   51974 19364.4
47198.9 37734.2 7541.87
[TRACE | 2017-03-28 09:35:55,041] | 
X^-1 = 
 3.90841e-05 -8.92591e-05  6.89388e-05
-7.51126e-05  0.000149274 -7.53188e-05
 0.000131213 -0.000188259  7.79994e-05
[TRACE | 2017-03-28 09:35:55,050] | _isnan(width) = 0
[TRACE | 2017-03-28 09:35:55,052] | 
D = 
1.82657e-05
2.14521e-05
[TRACE | 2017-03-28 09:35:55,056] | th = 23.2885
[TRACE | 2017-03-28 09:35:55,058] | width = 431.812

[TRACE | 2017-03-28 09:35:55,063] | 
X = 
 507.831 -11279.3  62630.4
 11137.7  42581.1  40698.7
 25111.1 -48090.7  23024.8
[TRACE | 2017-03-28 09:35:55,070] | 
X^-1 = 
-2.72871e-05  2.55648e-05  2.90359e-05
-7.11098e-06     1.45e-05 -6.28744e-06
 1.49073e-05  2.40406e-06 -1.36776e-06
[TRACE | 2017-03-28 09:35:55,078] | _isnan(width) = 0
[TRACE | 2017-03-28 09:35:55,080] | 
D = 
1.58379e-05
2.74194e-05
[TRACE | 2017-03-28 09:35:55,084] | th = -84.517
[TRACE | 2017-03-28 09:35:55,086] | width = 381.945

[TRACE | 2017-03-28 09:35:56,550] | Begin
[TRACE | 2017-03-28 09:35:57,648] | 
X = 
37441.5   51772 17896.9
18906.8  -51915 35637.6
  39801 48367.6 14694.5
[TRACE | 2017-03-28 09:35:57,654] | 
X^-1 = 
-0.000128867  5.43463e-06  0.000143771
 5.91113e-05 -8.40241e-06 -5.16156e-05
 0.000154478  1.29368e-05 -0.000151466
[TRACE | 2017-03-28 09:35:57,660] | _isnan(width) = 0
[TRACE | 2017-03-28 09:35:57,664] | 
D = 
1.57693e-05
2.05184e-05
[TRACE | 2017-03-28 09:35:57,667] | th = 78.7756
[TRACE | 2017-03-28 09:35:57,669] | width = 441.528

[TRACE | 2017-03-28 09:35:57,672] | 
X = 
 44282.5 -34703.7  6799.22
 49981.7   -18575  1725.79
 42615.1  46052.4  12441.8
[TRACE | 2017-03-28 09:35:57,678] | 
X^-1 = 
-1.18058e-05  2.83149e-05  2.52416e-06
-2.08425e-05  9.92881e-06  1.00129e-05
 0.000117584 -0.000133734  3.46669e-05
[TRACE | 2017-03-28 09:35:57,687] | _isnan(width) = 0
[TRACE | 2017-03-28 09:35:57,690] | 
D = 
 1.7838e-05
1.97121e-05
[TRACE | 2017-03-28 09:35:57,693] | th = 52.9947
[TRACE | 2017-03-28 09:35:57,695] | width = 450.467

[TRACE | 2017-03-28 09:35:57,699] | 
X = 
 47672.6  37362.9  7320.69
 12245.5  45688.9  42617.1
 51374.5 -33346.6  5411.22
[TRACE | 2017-03-28 09:35:57,704] | 
X^-1 = 
 1.20295e-05 -3.21795e-06  9.06929e-06
 1.53087e-05 -8.51753e-07 -1.40026e-05
-1.98687e-05  2.53026e-05  1.24059e-05
[TRACE | 2017-03-28 09:35:57,712] | _isnan(width) = 0
[TRACE | 2017-03-28 09:35:57,715] | 
D = 
1.74055e-05
1.83151e-05
[TRACE | 2017-03-28 09:35:57,720] | th = -46.291
[TRACE | 2017-03-28 09:35:57,722] | width = 467.331

[TRACE | 2017-03-28 09:35:57,727] | 
X = 
 46403.3  30964.7  5165.64
 997.664 -14837.3    55165
 7125.75   -36995  48016.9
[TRACE | 2017-03-28 09:35:57,734] | 
X^-1 = 
 1.82758e-05 -2.30847e-05  2.45552e-05
 4.74905e-06  3.01481e-05  -3.5147e-05
 9.46792e-07  2.66536e-05 -9.89728e-06
