[TRACE | 2017-03-27 23:13:05,186] | Begin
[TRACE | 2017-03-27 23:13:06,228] | 
X = 
 59131.9 -14400.5  876.749
 27168.8  55583.8  28429.3
 4247.19 -31361.3  57893.2
[TRACE | 2017-03-27 23:13:06,231] | 
X^-1 = 
 1.56278e-05  3.06585e-06  -1.7422e-06
-5.52229e-06  1.30043e-05 -6.30232e-06
-4.13798e-06  6.81963e-06   1.3987e-05
[TRACE | 2017-03-27 23:13:06,236] | 
D = 
1.56219e-05
1.79982e-05
[TRACE | 2017-03-27 23:13:06,238] | th = -48.4182
[TRACE | 2017-03-27 23:13:06,239] | width = 471.428

[TRACE | 2017-03-27 23:13:06,242] | 
X = 
 1910.7 19175.4 48110.2
  35077 49316.6 17334.2
50046.9 35946.2 6454.59
[TRACE | 2017-03-27 23:13:06,245] | 
X^-1 = 
 6.57278e-06 -3.46259e-05   4.3999e-05
-1.38261e-05  5.16589e-05  -3.5679e-05
 2.60352e-05 -1.92147e-05  1.24732e-05
[TRACE | 2017-03-27 23:13:06,254] | 
D = 
 1.4892e-05
2.03478e-05
[TRACE | 2017-03-27 23:13:06,257] | th = -26.0731
[TRACE | 2017-03-27 23:13:06,259] | width = 443.376

[TRACE | 2017-03-27 23:13:06,262] | 
X = 
 54377.3 -27315.2  3430.29
 12726.2    46155  41848.3
 8871.65  39829.2  44703.2
[TRACE | 2017-03-27 23:13:06,267] | 
X^-1 = 
 1.45273e-05  4.97458e-05 -4.76837e-05
-7.24144e-06  8.79503e-05 -8.17779e-05
 3.56886e-06 -8.82335e-05  0.000104695
[TRACE | 2017-03-27 23:13:06,274] | 
D = 
1.62844e-05
 2.0335e-05
[TRACE | 2017-03-27 23:13:06,278] | th = 15.9292
[TRACE | 2017-03-27 23:13:06,280] | width = 443.514

[TRACE | 2017-03-27 23:13:06,285] | 
X = 
 3313.53 -28000.4  59153.2
 45609.3  47746.6    12496
 50821.7  -354.24 0.617285
[TRACE | 2017-03-27 23:13:06,291] | 
X^-1 = 
-2.74623e-08  1.29033e-07  1.95626e-05
-3.91369e-06  1.85273e-05 -1.63719e-05
 1.50542e-05  8.76274e-06 -8.84553e-06
[TRACE | 2017-03-27 23:13:06,299] | 
D = 
1.43857e-05
2.02499e-05
[TRACE | 2017-03-27 23:13:06,302] | th = 71.5766
[TRACE | 2017-03-27 23:13:06,304] | width = 444.446

[TRACE | 2017-03-27 23:13:10,144] | Begin
[TRACE | 2017-03-27 23:13:11,205] | 
X = 
41068.4 46802.9 13334.6
38160.3 51385.8 17298.7
11589.2 44455.5 42632.1
[TRACE | 2017-03-27 23:13:11,209] | 
X^-1 = 
 0.000225413 -0.000222377  1.97282e-05
-0.000226161  0.000253102 -3.19616e-05
 0.000174557 -0.000203476  5.14222e-05
[TRACE | 2017-03-27 23:13:11,215] | 
D = 
1.76118e-05
2.76554e-05
[TRACE | 2017-03-27 23:13:11,217] | th = 45.7449
[TRACE | 2017-03-27 23:13:11,219] | width = 380.312

[TRACE | 2017-03-27 23:13:11,222] | 
X = 
 50151.7 -17070.4  1452.59
 40021.7  49658.6    15404
 47065.5  29021.8  4473.89
[TRACE | 2017-03-27 23:13:11,226] | 
X^-1 = 
 1.00819e-05 -5.31381e-06  1.50225e-05
-2.44756e-05 -6.99405e-06  3.20279e-05
 5.27089e-05  0.000101271  -0.00014228
[TRACE | 2017-03-27 23:13:11,233] | 
D = 
1.16617e-05
1.98289e-05
[TRACE | 2017-03-27 23:13:11,237] | th = -86.0717
[TRACE | 2017-03-27 23:13:11,239] | width = 449.138

[TRACE | 2017-03-27 23:13:11,244] | 
X = 
 47108.5 -42833.4  9736.56
   40018  47741.1  14238.7
 4350.06 -28007.9  45082.3
[TRACE | 2017-03-27 23:13:11,250] | 
X^-1 = 
 1.40273e-05  9.11844e-06 -5.90946e-06
-9.57942e-06  1.14448e-05 -1.54579e-06
-7.30484e-06  6.23035e-06  2.17915e-05
[TRACE | 2017-03-27 23:13:11,256] | 
D = 
1.72072e-05
2.07461e-05
[TRACE | 2017-03-27 23:13:11,260] | th = -5.20218
[TRACE | 2017-03-27 23:13:11,262] | width = 439.098

[TRACE | 2017-03-27 23:13:11,266] | 
X = 
 39974.1  48333.9  14610.5
 47552.3  37562.1  7417.67
 46197.1 -45620.4  11262.7
[TRACE | 2017-03-27 23:13:11,273] | 
X^-1 = 
-2.11904e-05  3.36985e-05  5.29523e-06
 5.36803e-06  6.25455e-06 -1.10829e-05
 0.000108662 -0.000112889  2.21765e-05
[TRACE | 2017-03-27 23:13:11,279] | 
D = 
1.73317e-05
1.84207e-05
[TRACE | 2017-03-27 23:13:11,282] | th = -41.1558
[TRACE | 2017-03-27 23:13:11,284] | width = 465.99

[TRACE | 2017-03-27 23:13:11,288] | 
X = 
 5628.2   32870   47992
42016.2 49985.7 14866.7
8467.93 39214.1 45399.2
[TRACE | 2017-03-27 23:13:11,293] | 
X^-1 = 
 0.000174051  4.02217e-05 -0.000197163
-0.000183886 -1.55725e-05  0.000199488
  0.00012637  5.94875e-06 -0.000113508
[TRACE | 2017-03-27 23:13:11,301] | 
D = 
1.71095e-05
1.88108e-05
[TRACE | 2017-03-27 23:13:11,304] | th = -0.980118
[TRACE | 2017-03-27 23:13:11,307] | width = 461.133

[TRACE | 2017-03-27 23:13:13,678] | Begin
[TRACE | 2017-03-27 23:13:14,721] | 
X = 
   23418  53607.8  30679.4
 59034.8  14988.6  951.386
 10206.9 -31085.6  23668.1
[TRACE | 2017-03-27 23:13:14,725] | 
X^-1 = 
-3.04113e-06  1.75862e-05   3.2351e-06
 1.09793e-05 -1.90792e-06 -1.41551e-05
 1.57317e-05 -1.00899e-05  2.22645e-05
[TRACE | 2017-03-27 23:13:14,731] | 
D = 
1.56684e-05
3.00181e-05
[TRACE | 2017-03-27 23:13:14,733] | th = 22.5582
[TRACE | 2017-03-27 23:13:14,734] | width = 365.038

[TRACE | 2017-03-27 23:13:14,738] | 
X = 
 62599.9 -8348.98  278.377
 38337.7  38644.9  9738.66
 6052.88 -26189.9  28330.1
[TRACE | 2017-03-27 23:13:14,742] | 
X^-1 = 
 1.45565e-05  2.47201e-06 -9.92806e-07
-1.10766e-05  1.91062e-05 -6.45906e-06
-1.33499e-05  1.71347e-05  2.95392e-05
[TRACE | 2017-03-27 23:13:14,749] | 
D = 
1.58942e-05
3.34655e-05
[TRACE | 2017-03-27 23:13:14,754] | th = -5.14897
[TRACE | 2017-03-27 23:13:14,756] | width = 345.725

[TRACE | 2017-03-27 23:13:14,760] | 
X = 
 59560.6 -65042.4  17757.2
 60540.8  366.102 0.553473
 21889.1  53041.7  32132.7
[TRACE | 2017-03-27 23:13:14,765] | 
X^-1 = 
 6.37374e-08  1.64679e-05 -3.55062e-08
-1.05663e-05  8.28408e-06    5.839e-06
 1.73984e-05 -2.48926e-05  2.15066e-05
[TRACE | 2017-03-27 23:13:14,772] | 
D = 
1.14869e-05
1.90216e-05
[TRACE | 2017-03-27 23:13:14,775] | th = -54.6234
[TRACE | 2017-03-27 23:13:14,777] | width = 458.571

[TRACE | 2017-03-27 23:13:16,095] | Begin
[TRACE | 2017-03-27 23:13:17,149] | 
X = 
 10693.8  43597.7  44435.8
 43019.3 -44469.7  11492.2
 57402.9 -14278.6  887.927
[TRACE | 2017-03-27 23:13:17,154] | 
X^-1 = 
 1.08767e-06 -5.87613e-06  2.16218e-05
 5.42483e-06 -2.21819e-05  1.56131e-05
 1.69201e-05  2.31777e-05 -2.05221e-05
[TRACE | 2017-03-27 23:13:17,159] | 
D = 
1.64188e-05
1.99902e-05
[TRACE | 2017-03-27 23:13:17,161] | th = 19.9193
[TRACE | 2017-03-27 23:13:17,163] | width = 447.323

[TRACE | 2017-03-27 23:13:17,166] | 
X = 
 45758.5  44342.6  10742.6
 12563.6 -46773.4  43533.4
 9232.84  41001.3  45519.7
[TRACE | 2017-03-27 23:13:17,170] | 
X^-1 = 
 2.21804e-05  8.94235e-06 -1.37867e-05
 9.63125e-07 -1.12416e-05  1.05237e-05
-5.36641e-06   8.3119e-06  1.52858e-05
[TRACE | 2017-03-27 23:13:17,177] | 
D = 
1.72733e-05
1.82941e-05
[TRACE | 2017-03-27 23:13:17,180] | th = -14.3613
[TRACE | 2017-03-27 23:13:17,182] | width = 467.6

[TRACE | 2017-03-27 23:13:17,187] | 
X = 
 12546.4 -46673.2  43406.5
 30279.8  51040.1  21508.5
 42020.5 -49877.1  14800.6
[TRACE | 2017-03-27 23:13:17,192] | 
X^-1 = 
-1.16462e-05  9.39101e-06  2.05081e-05
-2.90254e-06  1.04362e-05 -6.65364e-06
 2.32833e-05  8.50719e-06 -1.30822e-05
[TRACE | 2017-03-27 23:13:17,198] | 
D = 
1.75716e-05
1.93896e-05
[TRACE | 2017-03-27 23:13:17,203] | th = -37.7458
[TRACE | 2017-03-27 23:13:17,204] | width = 454.198

[TRACE | 2017-03-27 23:13:17,208] | 
X = 
 45746.9  44301.4  10725.4
 12569.7 -46766.1  43498.7
 7415.74  37448.9  47278.6
[TRACE | 2017-03-27 23:13:17,214] | 
X^-1 = 
 2.14601e-05   9.4606e-06 -1.35726e-05
 1.51842e-06 -1.16427e-05  1.03674e-05
-4.56879e-06  7.73816e-06  1.50682e-05
[TRACE | 2017-03-27 23:13:17,220] | 
D = 
 1.7286e-05
1.82997e-05
[TRACE | 2017-03-27 23:13:17,224] | th = -14.3338
[TRACE | 2017-03-27 23:13:17,225] | width = 467.529

[TRACE | 2017-03-27 23:13:17,229] | 
X = 
7225.91 37753.9 49314.1
11234.9 44503.4 44071.6
44946.3 44125.8 10830.1
[TRACE | 2017-03-27 23:13:17,236] | 
X^-1 = 
 0.000100379  -0.00012127   3.6424e-05
-0.000127586  0.000146736 -1.61666e-05
 0.000103247 -9.45685e-05  7.03969e-06
[TRACE | 2017-03-27 23:13:17,242] | 
D = 
1.26412e-05
1.86101e-05
[TRACE | 2017-03-27 23:13:17,246] | th = -44.1086
[TRACE | 2017-03-27 23:13:17,248] | width = 463.613

[TRACE | 2017-03-27 23:13:18,521] | Begin
[TRACE | 2017-03-27 23:13:19,577] | 
X = 
6855.34 36545.9 48706.5
54194.4 7773.37 278.743
44606.7 40257.2 9082.93
[TRACE | 2017-03-27 23:13:19,582] | 
X^-1 = 
 8.21951e-07  2.25455e-05 -5.09954e-06
-6.64125e-06 -2.92105e-05  3.65096e-05
 2.53985e-05  1.87442e-05 -2.66764e-05
[TRACE | 2017-03-27 23:13:19,589] | 
D = 
1.70968e-05
1.86375e-05
[TRACE | 2017-03-27 23:13:19,592] | th = -60.6746
[TRACE | 2017-03-27 23:13:19,594] | width = 463.273

[TRACE | 2017-03-27 23:13:19,598] | 
X = 
14553.9 47164.5 38211.2
5.57155 1107.14 55001.1
49444.2 10016.5 507.293
[TRACE | 2017-03-27 23:13:19,603] | 
X^-1 = 
 -4.6576e-06  3.03662e-06  2.15955e-05
 2.30146e-05 -1.59266e-05 -6.77255e-06
-4.62799e-07  1.85017e-05   1.3414e-07
[TRACE | 2017-03-27 23:13:19,611] | 
D = 
1.81194e-05
2.00281e-05
[TRACE | 2017-03-27 23:13:19,615] | th = -80.349
[TRACE | 2017-03-27 23:13:19,617] | width = 446.9

[TRACE | 2017-03-27 23:13:19,621] | 
X = 
 959.237  14243.7    52876
 7391.11 -37836.4  48422.9
 26253.2 -54748.7  28543.4
[TRACE | 2017-03-27 23:13:19,627] | 
X^-1 = 
 3.29123e-05 -6.91603e-05  5.63588e-05
 2.22114e-05 -2.85063e-05  7.21387e-06
 1.23318e-05  8.93366e-06 -2.96568e-06
[TRACE | 2017-03-27 23:13:19,633] | 
D = 
1.79152e-05
2.04955e-05
[TRACE | 2017-03-27 23:13:19,637] | th = -67.2892
[TRACE | 2017-03-27 23:13:19,638] | width = 441.775

[TRACE | 2017-03-27 23:13:19,642] | 
X = 
   41545 -52666.2  16691.1
 54837.5 -3187.51  46.3196
 47013.5  35908.9  6856.81
[TRACE | 2017-03-27 23:13:19,648] | 
X^-1 = 
-4.34901e-07  1.77604e-05  9.38677e-07
 -6.9126e-06 -9.24265e-06  1.68894e-05
 3.91829e-05 -7.33702e-05  5.09553e-05
[TRACE | 2017-03-27 23:13:19,655] | 
D = 
 1.6468e-05
1.85642e-05
[TRACE | 2017-03-27 23:13:19,658] | th = -67.7695
[TRACE | 2017-03-27 23:13:19,660] | width = 464.185

[TRACE | 2017-03-27 23:13:19,664] | 
X = 
 15529.8  49858.2  40017.3
 26367.7 -54249.4  27903.4
 23598.7   -54675  31668.6
[TRACE | 2017-03-27 23:13:19,669] | 
X^-1 = 
 1.05415e-05  0.000206402 -0.000195182
 9.67355e-06  2.47968e-05 -3.40724e-05
 8.84584e-06 -0.000110995  0.000118197
[TRACE | 2017-03-27 23:13:19,676] | 
D = 
1.60208e-05
2.17885e-05
[TRACE | 2017-03-27 23:13:19,679] | th = -86.0337
[TRACE | 2017-03-27 23:13:19,681] | width = 428.466

[TRACE | 2017-03-27 23:13:20,910] | Begin
[TRACE | 2017-03-27 23:13:21,971] | 
X = 
 715.474 -11094.9  43012.1
 30188.5  39130.3  12680.2
 36195.7 -67579.8    31544
[TRACE | 2017-03-27 23:13:21,976] | 
X^-1 = 
-1.47582e-05  1.80434e-05  1.28705e-05
 3.48125e-06  1.08276e-05 -9.09942e-06
 2.43927e-05  2.49281e-06 -2.56126e-06
[TRACE | 2017-03-27 23:13:21,981] | 
D = 
1.36204e-05
2.68596e-05
[TRACE | 2017-03-27 23:13:21,983] | th = -25.9515
[TRACE | 2017-03-27 23:13:21,985] | width = 385.905

[TRACE | 2017-03-27 23:13:21,988] | 
X = 
 6095.18 -28992.5  34476.5
 8662.33  37288.5  40128.7
 64988.5  7993.85  245.819
[TRACE | 2017-03-27 23:13:21,993] | 
X^-1 = 
  1.9647e-06 -1.78256e-06  1.54407e-05
 -1.6429e-05  1.41171e-05 -3.40815e-07
 1.48421e-05  1.21867e-05 -3.01639e-06
[TRACE | 2017-03-27 23:13:22,002] | 
D = 
1.48544e-05
2.47809e-05
[TRACE | 2017-03-27 23:13:22,007] | th = 16.1544
[TRACE | 2017-03-27 23:13:22,008] | width = 401.765

[TRACE | 2017-03-27 23:13:22,012] | 
X = 
 9038.62  37899.6    39729
   66527 -28537.9  3060.46
 9038.62  37899.6    39729
[TRACE | 2017-03-27 23:13:22,018] | 
X^-1 = 
      inf -nan(ind)      -inf
      inf -nan(ind)      -inf
     -inf -nan(ind)       inf
[TRACE | 2017-03-27 23:13:22,024] | 
D = 
-nan(ind)
-nan(ind)
[TRACE | 2017-03-27 23:13:22,027] | th = -nan(ind)
[TRACE | 2017-03-27 23:13:22,029] | width = -nan(ind)

[TRACE | 2017-03-27 23:13:22,033] | 
X = 
 32425.8 -21132.7  3443.18
 33097.9    63558  30512.6
 32425.8 -21132.7  3443.18
[TRACE | 2017-03-27 23:13:22,039] | 
X^-1 = 
-nan(ind) -nan(ind) -nan(ind)
      inf -nan(ind)      -inf
     -inf -nan(ind)       inf
[TRACE | 2017-03-27 23:13:22,046] | 
D = 
-nan(ind)
-nan(ind)
[TRACE | 2017-03-27 23:13:22,050] | th = -nan(ind)
[TRACE | 2017-03-27 23:13:22,052] | width = -nan(ind)

